X: 9.0 Y: 8.32
X: 6.34567 Y: 14.098765
